Salary of MBA students versus their grade 10 marks
S. No. Percentage in Grade 10 Salary S. No. Percentage in Grade 10 Salary
1 62.00 270000 26 64.60 250000
2 76.33 200000 27 50.00 180000
3 72.00 240000 28 74.00 218000
4 60.00 250000 29 58.00 360000
5 61.00 180000 30 67.00 150000
6 55.00 300000 31 75.00 250000
7 70.00 260000 32 60.00 200000
8 68.00 235000 33 55.00 300000
9 82.80 425000 34 78.00 330000
10 59.00 240000 35 50.08 265000
11 58.00 250000 36 56.00 340000
12 60.00 180000 37 68.00 177600
13 66.00 428000 38 52.00 236000
14 83.00 450000 39 54.00 265000
15 68.00 300000 40 52.00 200000
16 37.33 240000 41 76.00 393000
17 79.00 252000 42 64.80 360000
18 68.40 280000 43 74.40 300000
19 70.00 231000 44 74.50 250000
20 59.00 224000 45 73.50 360000
21 63.00 120000 46 57.58 180000
22 50.00 260000 47 68.00 180000
(Continued)
4.1 EXAMPLE
Chapter 04_Linear Regression.indd 99 4/24/2019 6:54:40 PM100 Machine Learning using Python
(Continued)
 TABLE 4.1 (Continued)
S. No. Percentage in Grade 10 Salary S. No. Percentage in Grade 10 Salary
23 69.00 300000 48 69.00 270000
24 52.00 120000 49 66.00 240000
25 49.00 120000 50 60.80 300000